54587
199990
63976
339448
261734
50651
473
9563
80176
5293
57540
26270
10459
374946
4879
7133
55187
390999
65121
343069
65122
81569
84966
51154
22977
712
646262
729059
23028
7798
3352
6920
6924
2517
58985
163702
23585
6006
55219
149420
79927
64793
83442
91544
1043
84958
9064
8547
7805
9672
84734
3932
728116
5928
81493
79932
2899
64121
6018
65243
100132074
55182
64756
374973
10158
6886
200010
79656
22996
2060
2882
348378
55001
163747
1718
7809
255738
5563
1600
4774
27022
23421
9829
79819
3595
55631
9295
11147
5733
100526835
51086
256435
374986
5737
79739
117178
148423
8915
388646
24
1266
7412
118427
57535
2780
2946
257
3749
27159
79084
515
128346
55917
80143
55356
126868
27246
11126
5565
149428
54964
56882
10962
126626
10500
8991
100191040
126638
911
910
128360
6504
81607
284680
400793
6675
51478
440699
57645
29922
2153
6403
6402
284525
27252
91687
55157
84614
462
89884
84320
51278
127665
6041
101929766
2165
360023
5788
779
89796
92703
8497
9580
55224
93273
553
9641
50604
1604
1378
4179
9926
56950
1063
55105
84976
8560
2052
3707
84033
84886
84451
148641
6905
6262
55083
64754
101927262
7837
78989
4613
343930
60526
338
80304
2281
51639
9540
375189
375190
391356
79172
109
165082
84696
10113
339779
150921
5500
245711
92291
6546
91461
64240
4436
56660
84542
10575
10438
25927
10887
9938
56287
84168
64395
119
344018
8446
5968
129293
9168
822
4144
2677
8673
10791
51255
10713
388969
6439
8869
65055
100526767
64795
56910
93082
10865
55683
343990
129530
9486
731220
7850
8808
389015
11250
27233
84910
727851
27178
27179
27177
26525
84639
3557
23550
7849
10096
8685
140738
6344
2995
55677
55679
84826
55339
5433
83607
55843
79712
9839
390
4703
9936
22925
22837
6670
80856
3237
3236
3235
3232
3233
50940
7035
8436
1195
117583
130749
200576
5746
285175
3577
10109
7475
130612
23363
151278
3667
1285
3267
80309
51719
9290
1144
401036
100287387
5510
50636
10752
3568
285362
3708
29995
5021
151835
7508
23473
9467
85403
8292
100505877
7325
116135
114884
9209
1524
4336
22906
152206
84892
353274
4057
259173
25981
8314
51533
56920
11188
23166
55193
26354
55830
28972
6787
3697
55540
131177
2272
9223
407738
55164
6091
389136
402135
56650
1295
151888
91653
54762
4710
3081
846
54625
79663
84925
23023
7018
51421
199221
347736
22808
9276
5948
349565
64084
287015
389158
185
389161
653659
27230
13
344758
23007
9197
8706
5337
4711
51555
23101
55171
51726
26998
3273
3827
57110
4976
79572
55341
375387
255403
4636
84179
7884
92305
10460
27065
152789
57537
100287327
100287364
728419
56606
9957
55584
54502
2565
3791
9575
3490
253017
401137
54959
92597
2638
3576
255324
306
8404
55008
474
10098
4547
64116
80319
54790
58505
1950
64579
2169
59067
2247
10424
57575
23657
55534
1047
166752
2993
55751
5188
2244
166863
201725
57630
3148
8819
11341
3248
132851
175
3660
3818
2160
11076
10299
54491
56172
10409
4883
51289
51151
3575
202151
100861519
285636
2690
100129792
3673
10468
27292
100130733
23398
373
80006
54557
57486
64283
8622
23440
7060
92270
153396
134187
7903
353189
133482
5066
54826
23262
6728
7905
56929
353376
100302736
51014
9627
1437
3596
3565
645121
23176
116842
23105
10802
9879
134553
347732
10902
10112
81848
153768
643226
153769
389336
11346
55568
79685
9421
100190949
4869
133491
1812
3274
2264
285596
91522
2916
30832
2295
8737
670
389362
347744
84830
63933
29116
10590
10050
6568
10385
8356
8336
7718
7745
346171
3105
135644
10107
3133
2794
221545
394263
7124
4050
4855
3122
3127
5467
221472
2739
129685
84630
7422
988
7941
27242
221391
60481
346007
135154
154288
441161
55510
23033
5238
112611
10957
135295
135293
5454
25957
2898
51250
29940
6098
285761
134829
93663
53832
116379
3459
100507462
80328
81706
50508
79683
5340
6196
54346
83887
6953
168002
54919
11033
90639
55501
5395
7965
84792
5879
221955
56913
3382
25928
100506049
3569
9586
358
387129
64224
9263
55744
644
58498
2645
154664
51427
154807
2990
435
27297
155382
7458
9569
653361
375593
10344
3315
7532
7784
113878

